15.240	 8.746
16.131	 9.612
-8.272	 17.023
-42.458	 -6.615
-1.591	 41.726
16.130	 9.381
-9.083	 13.428
-9.812	 13.176
-16.024	 11.829
-6.806	 15.047
-30.233	 5.434
2.808	 40.206
-35.295	 1.340
11.272	 27.326
-0.232	 41.766
-6.344	 14.026
-8.149	 16.708
16.042	 9.080
-6.059	 13.657
-14.735	 12.224
-6.951	 13.655
13.471	 20.202
11.783	 25.536
13.959	 18.037
-6.255	 13.519
15.561	 12.282
-8.321	 17.250
-10.592	 35.365
-10.957	 28.714
-10.843	 35.013
-10.947	 28.394
-39.102	 -2.344
-6.595	 14.709
-41.251	 -4.774
-6.945	 14.041
-7.998	 16.477
-8.223	 13.488
-6.683	 14.139
-11.436	 12.981
15.335	 13.129
15.341	 8.743
2.669	 40.524
-6.716	 14.972
-2.952	 41.954
-10.985	 33.497
4.219	 38.615
1.381	 40.731
-10.703	 27.219
-10.716	 27.891
-8.117	 17.178
-7.775	 16.105
-11.126	 33.021
15.360	 11.875
5.539	 37.332
-8.753	 39.636
-8.522	 18.628
-10.807	 27.510
-12.557	 12.605
-8.762	 39.015
-9.494	 23.853
12.382	 23.768
8.651	 32.584
-8.270	 17.569
-7.520	 15.829
11.201	 27.690
-5.154	 42.464
-9.734	 24.046
7.752	 34.255
15.940	 9.601
-8.884	 21.684
-10.316	 36.287
6.603	 35.706
-5.979	 42.254
-7.952	 18.071
-10.831	 13.256
-9.786	 24.401
-6.382	 14.223
-9.520	 23.367
-9.103	 21.741
-8.689	 21.021
-8.490	 18.339
-5.272	 13.236
-8.373	 17.512
-10.826	 35.669
-7.779	 16.223
-8.623	 19.349
-6.559	 13.067
-8.370	 18.384
-10.952	 28.155
-9.141	 23.000
-7.775	 13.802
-10.277	 25.741
14.865	 12.175
15.798	 11.555
12.692	 22.100
-9.774	 13.452
-10.041	 37.595
-9.865	 25.104
-13.726	 12.591
-8.134	 17.025
-10.116	 37.849
6.607	 36.136
-11.160	 29.499
-7.825	 16.240
10.453	 29.449
-5.478	 12.850
-6.821	 41.869
-8.586	 18.985
1.181	 41.426
-11.227	 32.672
-7.497	 41.455
-4.125	 42.575
-6.858	 12.803
-10.477	 36.857
-9.686	 38.785
14.929	 14.148
-5.393	 13.218
-19.426	 10.881
-8.421	 17.893
14.706	 15.056
16.012	 10.565
15.307	 9.333
15.358	 8.615
-5.022	 12.818
-7.669	 16.763
-8.252	 13.691
-6.630	 39.531
-8.973	 37.050
-10.195	 26.034
0.253	 39.366
5.629	 35.468
7.771	 32.611
9.587	 29.405
-2.477	 40.152
3.064	 37.810
12.089	 22.628
15.597	 9.147
6.761	 34.556
-9.002	 13.591
-7.295	 39.562
-3.685	 40.753
-10.659	 27.934
13.281	 17.025
-16.512	 11.433
-10.517	 32.516
-10.736	 30.804
-10.772	 29.222
-8.167	 40.878
-8.714	 40.292
-9.106	 12.425
4.404	 37.328
-10.907	 30.563
-19.374	 10.744
-11.173	 33.553
-8.698	 19.738
-6.565	 14.511
-5.499	 13.040
-7.102	 15.421
-11.212	 30.136
-9.249	 39.543
-10.772	 32.208
-8.951	 21.145
-11.170	 31.167
-11.120	 31.657
-8.381	 17.685
-8.408	 12.819
-6.966	 15.246
-5.775	 13.840
-11.013	 34.719
-1.765	 42.406
14.618	 13.037
-6.538	 14.370
-7.833	 18.247
12.958	 22.263
-10.864	 29.093
1.651	 39.321
-11.246	 31.663
-10.191	 25.893
-8.041	 38.369
-10.059	 35.643
-11.065	 28.775
-7.706	 17.404
-18.139	 11.261
8.748	 31.500
-3.184	 42.518
-10.458	 26.483
-1.189	 40.438
-0.313	 42.109
-25.868	 8.113
14.240	 16.945
-4.777	 40.157
-42.166	 -6.200
-8.108	 18.955
7.660	 34.622
-6.254	 41.223
-22.263	 9.743
-7.261	 13.890
-8.755	 20.786
5.397	 37.709
15.407	 9.945
-8.310	 18.596
-7.790	 15.997
-8.754	 20.176
-6.166	 41.687
-7.880	 17.350
-6.858	 15.071
8.721	 32.868
15.736	 10.281
9.669	 30.948
-11.248	 30.980
-7.896	 16.548
-7.830	 16.777
15.886	 11.028
-8.038	 19.231
-5.663	 40.409
10.450	 28.107
-8.795	 21.865
11.709	 24.590
9.598	 31.269
10.416	 29.183
-8.241	 17.918
-8.849	 20.588
-9.940	 24.667
12.421	 24.067
-8.482	 38.308
-10.163	 34.113
-9.221	 39.227
-7.400	 13.572
-9.244	 37.016
-11.091	 30.100
-7.583	 15.989
13.104	 18.999
11.057	 25.981
-11.111	 29.719
-21.976	 9.779
-12.195	 12.957
-15.296	 12.174
-6.283	 14.304
-9.773	 36.308
13.129	 20.415
-6.612	 14.269
-10.097	 25.178
4.149	 39.086
-12.264	 12.017
-8.433	 19.410
-10.760	 27.600
-8.463	 19.112
12.546	 21.430
-14.982	 11.792
-11.147	 12.364
-5.842	 14.003
-7.445	 15.806
-10.421	 26.222
-7.128	 15.297
-10.335	 26.044
-3.857	 41.608
-5.206	 42.138
-7.241	 15.578
-9.645	 38.210
16.057	 10.205
14.138	 13.139
14.910	 10.274
15.391	 11.227
-9.233	 22.319
16.126	 9.922
-9.832	 24.879
13.712	 14.636
-6.874	 41.520
-9.211	 37.922
-7.429	 15.813
-8.435	 18.057
-9.489	 24.093
-9.083	 22.577
12.729	 19.654
13.717	 16.075
-9.383	 22.837
11.874	 25.778
-8.594	 19.931
-10.502	 26.891
-7.139	 40.424
-7.267	 15.620
-17.230	 11.600
14.650	 11.332
-7.947	 13.596
-8.174	 40.526
14.445	 15.865
14.122	 14.216
-10.617	 26.847
-8.584	 20.269
15.948	 10.033
15.714	 10.834
-8.299	 20.229
-9.993	 24.978
-7.684	 16.368
-5.534	 41.233
-6.454	 14.622
-9.526	 35.804
-7.414	 13.406
-10.465	 33.857
-10.438	 26.869
-7.938	 16.324
14.667	 13.958
-9.166	 22.335
-8.296	 19.868
-6.326	 14.532
-42.406	 -6.934
15.108	 8.750
-3.597	 42.220
-8.327	 39.287
-10.077	 25.331
15.023	 10.915
-8.312	 17.824
14.352	 14.685
-7.703	 40.210
-4.603	 41.690
-9.538	 37.593
-7.613	 40.812
14.025	 16.509
-9.271	 22.765
14.290	 15.627
-4.509	 42.070
-42.282	 -7.098
14.866	 8.759
-42.454	 -6.747
14.989	 8.754
15.803	 8.739
15.404	 8.538
14.489	 8.742
13.944	 8.071
-41.890	 -8.470
-41.756	 -9.057
13.944	 8.517
14.634	 8.060
14.101	 7.972
8.908	 26.764
14.608	 8.276
8.312	 26.875
-5.292	 10.399
7.240	 29.671
6.575	 29.655
-6.887	 15.361
-3.231	 9.572
10.203	 23.709
5.140	 32.260
4.363	 31.945
9.638	 23.979
-6.168	 14.332
-0.938	 35.352
0.180	 33.580
-3.770	 35.988
-4.429	 12.383
11.159	 20.572
-4.401	 12.385
2.664	 33.942
-3.391	 10.851
-2.687	 9.850
1.856	 32.965
-2.688	 34.683
-6.237	 35.372
10.618	 21.021
-2.985	 11.410
-2.569	 10.933
-5.340	 34.483
-5.181	 13.305
-5.255	 13.342
-36.410	 -1.888
-7.938	 33.706
-8.819	 31.946
-7.408	 33.048
-6.211	 14.034
-6.046	 14.082
-9.507	 11.193
-8.546	 31.116
-6.999	 14.728
-6.885	 14.776
-16.512	 10.818
-7.276	 15.073
-7.456	 15.323
-6.024	 10.433
-7.046	 15.206
-32.622	 1.995
11.712	 17.476
-9.089	 27.535
-8.640	 26.757
-7.394	 15.514
-8.989	 28.954
-8.705	 28.021
-8.971	 30.235
-8.821	 29.328
-8.789	 25.458
11.262	 18.075
-9.308	 26.138
-7.226	 15.665
14.007	 9.214
-17.840	 10.770
-9.027	 24.198
-9.445	 24.851
-11.846	 11.526
14.001	 8.747
-9.093	 23.174
-5.788	 13.987
-9.397	 23.943
-6.163	 14.857
-5.842	 14.735
-7.826	 11.429
-18.976	 9.663
-8.959	 22.638
-8.771	 34.907
-2.280	 10.416
12.103	 19.156
-9.202	 23.475
-6.007	 15.748
-8.718	 22.510
11.486	 15.119
-10.132	 30.543
11.912	 14.550
-8.666	 22.974
-6.308	 16.891
-9.859	 32.203
-6.685	 18.157
-9.788	 30.414
-10.013	 28.804
11.405	 22.357
-9.520	 31.993
-6.272	 15.737
-9.468	 33.816
-41.213	 -7.917
-6.826	 17.975
-8.943	 23.252
-6.492	 16.787
-9.232	 33.405
-7.077	 19.438
-10.314	 28.919
-9.054	 35.146
-4.074	 12.057
-8.447	 22.462
11.931	 21.358
-7.709	 36.438
-7.485	 20.604
-10.999	 11.161
-7.213	 19.265
-10.118	 27.306
-7.611	 20.503
10.290	 25.611
12.050	 12.428
-7.876	 21.573
-10.054	 26.118
-10.333	 27.494
-8.182	 22.200
-8.010	 21.593
-6.829	 37.995
12.477	 16.244
-8.214	 36.666
11.536	 12.362
-8.373	 22.446
12.508	 18.366
-2.766	 11.185
10.977	 24.628
-15.612	 11.320
-3.707	 38.110
12.746	 13.924
-7.316	 11.876
8.816	 28.789
-6.030	 37.718
-10.203	 26.410
-9.306	 24.147
-38.599	 -5.229
-9.867	 25.320
-5.461	 11.778
-10.626	 11.690
12.892	 15.696
-9.987	 25.647
11.625	 10.944
9.618	 27.927
-0.974	 37.538
-39.053	 -3.816
-29.637	 5.001
-4.839	 38.789
-9.608	 24.737
12.289	 11.239
-9.701	 24.952
7.905	 31.060
11.899	 10.256
-4.310	 12.073
-9.383	 24.215
-5.363	 12.237
-9.047	 23.360
-6.329	 14.219
-8.658	 22.278
13.246	 13.670
12.313	 9.622
-8.293	 21.116
2.139	 36.158
-2.367	 38.695
-8.990	 23.439
6.990	 31.746
-22.440	 9.140
-8.627	 22.509
12.911	 9.028
-7.889	 19.744
-8.242	 21.394
13.057	 12.373
12.668	 10.402
-6.376	 13.706
-3.785	 11.706
5.845	 33.866
-7.467	 18.834
-4.502	 12.351
-4.365	 12.254
-7.544	 18.560
-5.544	 13.050
0.524	 37.754
-6.605	 14.100
-7.141	 15.998
-27.829	 4.892
-7.157	 17.690
-6.144	 13.756
13.635	 12.267
-7.299	 17.508
-3.556	 11.397
4.767	 34.302
-6.869	 15.890
-5.831	 13.712
-7.852	 20.133
-7.158	 16.615
-2.800	 10.527
-3.633	 11.407
-6.240	 13.490
3.371	 36.151
13.454	 11.175
-4.703	 12.250
-5.689	 12.914
14.083	 10.891
-6.953	 16.684
14.349	 9.886
13.140	 9.624
-40.116	 -6.004
13.855	 10.123
-25.156	 7.535
-24.696	 7.154
14.032	 8.838
-3.746	 11.896
-2.847	 10.727
-41.973	 -7.949
14.342	 8.780
-41.494	 -9.763
13.482	 8.940
13.777	 8.886
-10.106	 -4.525
-39.122	 -13.052
-3.850	 8.799
-4.922	 -3.464
-3.189	 8.946
-34.010	 -19.418
9.555	 9.760
10.289	 9.834
1.780	 25.644
12.441	 8.802
11.346	 8.715
1.518	 29.136
-7.404	 19.979
12.122	 8.045
-6.664	 24.122
10.771	 7.955
9.468	 8.335
10.250	 9.026
11.676	 7.673
11.272	 8.236
10.334	 7.716
10.040	 8.109
10.837	 8.746
9.479	 8.385
9.725	 8.393
10.464	 9.005
-19.172	 6.209
-35.097	 -16.440
-3.227	 6.201
-15.350	 2.621
-1.969	 7.647
-1.519	 8.728
-1.563	 8.681
-8.388	 20.555
-8.094	 18.361
-4.930	 23.347
-3.763	 25.898
-13.146	 -10.459
-38.600	 -8.695
-7.925	 19.029
-0.934	 26.043
-2.026	 24.069
-8.060	 17.290
-16.288	 8.852
-2.252	 9.366
-2.220	 8.287
0.663	 23.851
-16.767	 -1.055
3.964	 27.959
-1.700	 8.195
4.808	 28.761
6.120	 26.092
-9.795	 9.157
-8.134	 10.116
2.457	 30.191
6.841	 26.494
-6.236	 17.264
-3.600	 -1.364
-7.376	 20.266
7.744	 23.685
-1.498	 7.741
-7.005	 16.348
-6.919	 18.319
8.325	 23.929
-32.482	 -3.633
11.653	 9.430
-1.359	 8.691
-1.526	 8.757
-11.046	 -0.928
-27.987	 2.421
-30.252	 -13.627
-22.943	 -16.071
9.390	 21.396
-5.792	 16.147
-6.036	 18.193
10.017	 11.575
-20.276	 -11.091
8.828	 21.332
9.718	 15.417
-1.630	 9.649
12.028	 9.216
-4.282	 5.341
-1.850	 7.846
-2.117	 9.534
-5.126	 16.361
-6.588	 28.513
-5.809	 17.941
10.211	 16.880
-2.496	 8.027
-8.335	 23.987
-4.924	 14.567
-4.879	 11.571
-4.190	 10.979
-5.063	 12.042
9.194	 15.703
-4.557	 11.992
-21.905	 -6.285
-4.936	 11.832
-5.208	 15.957
-4.782	 12.123
-5.419	 12.397
-5.333	 12.665
-4.913	 12.701
-5.489	 15.725
-8.241	 25.845
-4.009	 11.195
-3.939	 0.354
-4.097	 13.233
-3.922	 29.790
-4.541	 12.420
-4.966	 13.472
-1.181	 29.757
-5.142	 14.530
-7.023	 20.270
-3.810	 10.677
-37.920	 -16.796
-7.810	 22.766
-6.276	 18.313
-5.012	 12.594
-3.519	 11.961
-8.193	 20.406
-4.417	 14.604
-5.344	 15.842
-3.331	 10.704
-6.691	 19.466
-4.638	 13.411
-8.049	 21.177
-5.893	 17.030
-7.078	 20.398
-6.108	 18.384
-7.758	 19.020
-3.767	 12.000
-2.619	 31.413
-7.236	 22.018
-7.838	 20.528
-8.356	 25.182
-5.335	 31.013
-7.575	 20.882
-6.528	 19.437
-7.347	 20.895
-3.603	 10.190
-7.832	 6.227
-4.916	 15.902
-8.454	 26.840
-4.707	 15.928
-6.829	 20.140
-3.726	 10.983
-5.720	 17.167
-4.056	 10.952
-4.566	 14.544
10.698	 13.524
-8.089	 20.246
-5.281	 17.134
-5.149	 17.077
-4.347	 10.885
-1.495	 7.442
-6.057	 18.827
-4.031	 13.253
-5.705	 18.199
3.225	 23.091
-3.483	 9.951
-7.906	 24.145
-5.458	 17.991
-7.503	 29.224
-2.065	 5.647
10.698	 16.339
0.105	 30.991
-7.710	 19.380
-7.268	 19.879
-3.669	 9.772
-4.226	 10.378
-5.933	 18.860
-7.553	 19.316
-5.477	 18.275
-29.170	 -8.272
4.249	 24.427
-3.170	 8.847
-3.931	 10.456
-4.127	 3.237
-4.112	 10.108
7.694	 20.863
-3.789	 9.527
5.340	 22.187
6.268	 22.914
-1.693	 6.358
-2.791	 4.403
-7.625	 23.232
-6.897	 16.475
10.178	 18.992
-5.671	 17.740
-5.960	 15.329
-7.086	 21.246
-6.374	 15.468
8.599	 17.221
-7.746	 22.273
-6.026	 16.628
-2.928	 10.362
7.096	 20.460
-6.477	 14.999
-2.451	 4.360
8.033	 18.610
-6.325	 18.133
9.521	 13.570
-3.409	 0.900
-1.713	 9.355
-6.656	 17.148
-6.759	 16.537
-2.132	 7.623
-1.985	 5.329
-3.043	 2.795
-1.617	 7.409
9.501	 11.533
-1.701	 6.206
-5.400	 1.966
8.528	 19.012
-8.721	 1.690
10.452	 14.338
9.905	 13.149
-9.954	 4.050
-2.894	 9.012
-1.834	 9.006
-3.215	 10.243
9.173	 17.339
9.621	 19.219
-1.904	 8.109
-3.413	 2.301
11.063	 9.571
-41.108	 -11.909
12.625	 9.161
12.170	 9.291
-40.089	 -14.483
-3.269	 8.719
-2.833	 5.731
-2.853	 7.592
-2.648	 9.185
-2.676	 6.216
7.421	 7.201
-2.774	 5.249
-4.299	 11.064
-2.937	 8.186
6.444	 6.789
-2.798	 6.647
-2.643	 5.405
-2.570	 6.031
-2.396	 6.221
-4.219	 9.301
-2.833	 7.442
-2.324	 5.221
-5.300	 10.998
-2.414	 6.500
-2.219	 4.125
-2.386	 3.640
-2.082	 5.701
-2.701	 9.396
-2.403	 8.273
-2.161	 7.909
-3.693	 13.799
-2.566	 9.797
-2.154	 4.388
-3.626	 13.191
-4.759	 9.650
-3.254	 11.945
-2.425	 3.142
-3.195	 10.612
-3.222	 11.141
-3.514	 12.450
-4.169	 14.975
-3.999	 14.239
-5.149	 11.948
-4.301	 15.944
-4.311	 11.375
-3.495	 14.953
-4.687	 13.853
-3.834	 13.447
-3.383	 14.784
-3.997	 16.286
-4.218	 15.521
-0.115	 -19.824
2.936	 -20.642
8.087	 10.200
0.212	 11.292
1.095	 9.588
-1.673	 10.702
2.245	 12.364
2.954	 11.034
-0.591	 8.782
4.149	 13.515
4.584	 12.400
-29.087	 -22.219
-1.463	 -3.184
8.858	 10.130
7.447	 13.169
-2.252	 -2.257
6.644	 12.842
7.771	 10.104
-3.770	 9.720
-2.122	 8.303
8.153	 7.710
7.958	 7.508
9.814	 9.900
-2.595	 9.837
6.653	 -10.191
6.121	 7.548
-20.130	 -24.773
6.000	 6.794
7.729	 15.958
8.605	 8.376
-2.568	 3.308
-19.013	 -20.568
-14.727	 -25.620
-0.704	 -4.494
7.424	 14.944
-2.326	 -5.732
-5.291	 7.743
7.917	 7.513
6.654	 8.592
-9.693	 -14.274
8.056	 11.631
-3.787	 6.903
5.923	 12.953
-5.342	 14.774
-2.979	 1.995
-3.403	 -24.655
6.758	 -16.951
-3.629	 -12.728
8.069	 14.349
6.292	 6.618
-2.635	 2.255
-6.837	 12.322
7.643	 12.014
9.305	 9.252
4.403	 -20.900
-0.356	 -3.139
6.231	 -16.603
-2.672	 16.384
0.545	 -4.655
6.448	 12.850
-6.772	 15.515
-2.923	 1.224
-4.352	 18.162
-2.832	 10.988
-3.531	 12.409
7.080	 17.504
8.568	 12.745
7.470	 9.468
-3.467	 12.246
-0.779	 -14.420
5.777	 14.028
-7.600	 13.369
-5.006	 5.211
-7.218	 12.003
-11.177	 -20.077
-4.385	 11.697
4.067	 -4.693
-0.199	 16.856
-1.569	 19.033
2.194	 -22.865
-5.824	 11.439
-7.528	 -24.928
2.606	 -4.542
7.884	 7.495
-3.352	 10.281
0.945	 19.232
2.158	 17.266
-7.152	 10.491
8.707	 9.938
-7.203	 -22.344
-6.116	 9.619
3.336	 19.348
6.461	 6.643
4.310	 17.579
6.814	 13.439
-3.056	 -0.028
-5.809	 6.285
-4.609	 9.673
8.093	 15.494
5.406	 18.981
-4.868	 4.429
6.524	 12.878
4.752	 -8.530
7.282	 15.446
-2.542	 3.042
6.974	 7.378
-2.023	 -1.961
-3.724	 4.489
-2.868	 -0.527
-4.899	 5.864
7.742	 9.418
7.593	 9.735
-3.006	 1.043
-2.466	 4.983
7.094	 7.066
7.850	 8.799
1.399	 -5.537
8.445	 10.590
7.273	 7.906
8.546	 9.652
6.982	 7.131
8.941	 12.352
8.663	 14.322
-3.029	 0.330
7.185	 7.087
7.048	 7.316
7.064	 7.506
8.739	 10.332
-1.895	 8.224
-1.614	 6.195
8.048	 8.433
7.911	 8.740
7.152	 7.842
6.933	 7.728
7.434	 8.263
1.598	 -3.457
6.383	 6.862
-1.663	 7.621
-2.860	 1.978
-3.470	 6.105
-1.227	 -2.832
7.090	 7.122
-1.656	 -8.143
8.139	 9.166
-2.318	 6.969
7.172	 7.097
-2.726	 2.416
0.670	 -3.725
6.187	 17.051
6.773	 13.608
-2.682	 -1.203
-2.598	 -1.275
7.583	 14.917
6.845	 13.393
0.695	 -8.033
1.757	 -9.679
7.209	 10.025
-3.010	 7.042
-3.439	 7.745
-3.164	 6.484
-3.643	 8.348
-3.558	 7.079
-3.380	 7.618
-2.156	 2.064
-2.436	 5.132
-2.528	 2.744
-2.604	 3.810
-2.356	 4.333
7.014	 10.477
-3.113	 3.666
-2.311	 2.520
-2.963	 2.522
-2.709	 6.088
5.909	 9.811
-2.560	 3.189
-3.361	 3.389
-3.018	 8.567
-2.389	 5.228
-2.028	 7.006
-2.083	 9.425
-2.871	 2.388
-1.822	 5.890
-2.580	 6.809
-2.738	 6.419
-2.710	 7.131
2.988	 7.291
-2.122	 8.698
4.519	 8.509
-1.506	 7.408
-2.241	 -0.862
-1.457	 7.643
-3.052	 7.948
-2.550	 5.936
-1.803	 9.702
-2.944	 3.188
-2.264	 4.299
4.988	 8.458
-2.503	 2.280
-2.844	 5.275
6.325	 8.002
6.721	 7.898
-2.704	 2.991
2.694	 5.776
-0.611	 2.394
-0.926	 2.886
3.795	 7.106
-2.470	 2.219
1.017	 1.497
-1.963	 -1.538
1.061	 0.897
5.525	 5.491
-1.787	 3.674
-0.793	 4.651
-0.669	 4.019
-2.761	 2.870
-2.035	 5.059
5.786	 5.808
-2.462	 2.189
-0.957	 4.098
-1.052	 5.354
4.657	 4.424
-2.781	 0.671
3.834	 5.830
-0.472	 0.273
-2.561	 2.854
5.053	 5.331
3.092	 4.788
-2.529	 0.707
0.441	 0.424
1.657	 -1.997
3.896	 4.813
8.479	 -9.476
4.511	 5.513
2.426	 -1.219
-2.195	 2.071
4.061	 4.521
1.152	 1.292
4.700	 5.443
4.025	 4.782
4.918	 5.600
-0.476	 -2.273
4.286	 7.733
1.218	 0.961
-2.234	 2.601
-1.222	 -1.662
5.793	 9.209
0.267	 -1.812
-2.021	 1.741
8.017	 -5.147
6.395	 9.702
-1.724	 -0.562
-0.882	 -0.533
-2.324	 1.033
-2.563	 1.260
-2.180	 2.012
-2.125	 1.321
-2.374	 1.532
5.397	 11.228
4.735	 10.037
1.643	 0.981
1.399	 0.370
5.597	 10.598
1.281	 7.248
1.313	 4.776
2.115	 0.342
1.803	 7.105
2.187	 1.842
2.040	 1.786
2.032	 4.256
2.407	 8.868
0.406	 3.442
-1.539	 -0.909
5.625	 -2.463
7.020	 -3.423
-0.311	 3.251
-1.876	 -0.498
-1.834	 1.860
2.492	 8.430
-2.933	 0.950
1.114	 3.524
3.885	 9.797
1.449	 5.399
-3.252	 2.275
2.112	 4.647
0.360	 4.761
2.650	 7.132
2.797	 6.844
4.464	 10.956
-1.780	 3.679
-3.524	 1.790
3.570	 9.352
5.371	 11.629
3.311	 9.249
-0.481	 4.700
3.914	 9.040
-2.751	 0.955
4.128	 10.635
5.686	 9.323
4.625	 8.418
-1.985	 1.327
5.019	 11.191
7.166	 -2.972
-1.522	 0.105
-2.745	 2.019
-1.459	 -0.701
8.457	 -7.680
4.698	 8.600
6.629	 9.842
8.292	 -7.312
5.639	 11.818
4.187	 -1.139
4.699	 9.307
-1.276	 1.691
4.798	 -2.739
5.873	 11.676
-1.198	 0.110
7.853	 -7.293
3.826	 7.603
-1.836	 2.574
4.062	 7.618
6.118	 9.330
3.862	 -1.436
8.052	 -5.159
5.961	 9.435
4.851	 8.426
7.725	 -13.935
-2.732	 -0.400
-2.618	 0.047
-2.204	 2.965
-1.966	 3.991
-1.810	 2.481
-2.001	 3.445
-1.777	 1.249
-0.565	 0.562
-0.540	 1.259
-0.344	 0.825
-0.636	 0.353
-0.295	 1.087
-0.656	 -0.308
-1.561	 0.981
-0.276	 0.416
5.922	 -1.529
-0.606	 2.534
-0.520	 0.532
-0.418	 1.424
-0.554	 1.439
-0.749	 0.712
-0.471	 0.652
-0.479	 0.239
-1.780	 1.271
-1.560	 0.993
-0.742	 -0.886
3.953	 -0.267
-0.821	 -0.756
1.606	 -0.081
1.011	 -0.063
0.307	 2.617
0.416	 0.843
5.652	 -1.055
-0.670	 -0.727
-1.932	 1.302
-0.892	 -1.019
6.490	 -2.325
-1.631	 1.010
1.139	 3.211
0.935	 3.012
1.750	 -0.727
1.945	 -0.724
0.918	 2.635
-1.967	 1.328
-1.623	 1.015
-1.733	 1.372
-1.457	 0.996
0.777	 2.094
1.077	 2.693
-1.563	 1.229
1.014	 3.151
-1.301	 0.871
0.376	 0.561
0.208	 4.952
-0.690	 -0.667
-1.445	 1.009
-0.987	 -0.869
1.157	 3.460
1.921	 4.564
2.743	 5.744
0.474	 2.694
0.291	 0.368
-1.181	 0.742
-1.287	 1.179
-0.130	 3.091
0.513	 1.796
-1.214	 3.519
1.184	 -0.241
0.751	 2.325
0.189	 0.493
-1.204	 2.241
-1.111	 0.848
-1.650	 3.056
-1.302	 1.900
-1.374	 1.644
2.026	 3.873
-1.609	 3.145
-1.275	 1.499
-0.887	 2.357
-1.798	 0.572
1.308	 -0.605
0.207	 0.494
-1.305	 2.076
1.419	 3.169
-1.156	 1.129
-1.566	 2.622
-0.195	 -0.962
-1.544	 2.082
5.895	 -1.432
0.344	 -0.833
0.879	 2.638
-0.220	 1.872
0.432	 -0.112
1.281	 3.844
-0.853	 3.698
-0.936	 -0.810
-0.091	 0.727
0.847	 -0.411
0.397	 -0.055
-0.631	 2.355
0.517	 0.593
0.728	 -0.316
-1.631	 0.738
-1.728	 0.644
2.658	 3.330
3.667	 4.814
-1.583	 1.020
2.457	 3.972
1.401	 2.457
0.790	 0.670
-1.896	 0.477
-1.591	 0.824
-1.550	 0.915
1.859	 5.524
0.184	 0.255
-1.565	 0.985
-1.620	 1.034
2.810	 5.866
-0.568	 -0.974
1.518	 6.270
2.924	 5.926
-0.547	 -0.442
-0.042	 0.261
0.749	 -0.394
-1.620	 1.043
1.051	 -0.522
-1.603	 1.034
1.973	 3.428
0.732	 1.498
3.452	 5.790
1.619	 3.183
6.248	 -1.972
-1.623	 1.043
-1.629	 1.053
2.492	 5.717
0.388	 1.495
0.949	 0.540
-1.709	 1.069
2.969	 6.928
0.340	 1.434
-1.612	 1.052
1.638	 4.958
0.427	 1.203
0.308	 0.345
-1.661	 1.076
-0.186	 0.062
0.885	 0.760
2.299	 3.185
2.466	 2.210
0.035	 2.790
-1.685	 1.073
-1.474	 1.039
1.856	 2.475
1.495	 4.267
3.818	 7.237
-1.326	 0.889
3.446	 3.359
1.041	 1.282
-1.157	 0.990
-1.729	 1.086
-1.210	 0.797
-0.866	 2.613
-0.129	 -0.005
-1.360	 2.380
1.598	 1.334
-0.638	 2.549
-1.371	 2.285
1.249	 1.153
1.555	 1.135
0.739	 1.304
-1.366	 1.933
-1.244	 1.316
1.098	 1.572
-1.313	 1.493
1.963	 1.530
2.267	 2.420
-1.594	 1.094
4.344	 6.718
2.003	 1.481
2.079	 4.730
-0.308	 -0.107
2.240	 3.246
2.601	 3.143
-1.422	 1.000
2.375	 2.141
-1.294	 0.835
2.771	 2.904
4.452	 5.202
1.363	 1.469
3.239	 2.824
3.889	 3.520
-0.502	 -0.414
-1.376	 2.149
-1.406	 2.292
-1.349	 1.738
-1.178	 0.863
2.205	 4.946
-1.192	 1.147
-1.213	 2.493
-1.100	 2.622
0.380	 0.150
2.881	 2.364
-0.636	 -0.549
-0.766	 2.711
2.093	 2.312
-0.284	 1.593
0.685	 -0.357
0.407	 4.699
-0.466	 -0.337
0.516	 1.984
1.031	 3.507
0.823	 0.138
0.144	 -1.125
-0.915	 -1.122
-1.962	 0.629
-1.780	 0.817
-1.658	 1.043
-1.693	 1.211
-1.790	 1.250
0.030	 -0.879
-0.774	 -0.900
-1.817	 0.504
-1.640	 0.659
-1.532	 0.830
-1.535	 0.959
-1.576	 0.986
7.401	 -3.881
3.396	 -0.249
1.671	 -0.368
2.277	 -0.153
0.860	 -0.562
-1.733	 -0.530
-1.332	 -0.650
-2.001	 -0.013
-1.788	 -0.213
-1.989	 0.363
-1.892	 0.172
