-17.041	 31.126
-15.729	 17.198
6.066	 20.716
4.549	 21.558
-18.815	 30.582
8.352	 20.735
-15.198	 15.894
0.933	 25.066
-14.561	 14.497
6.580	 22.219
1.775	 23.931
-14.676	 16.942
-14.634	 15.762
-13.890	 14.749
-16.530	 31.037
6.374	 24.231
7.983	 21.638
6.943	 22.733
7.342	 21.891
-16.209	 18.706
-16.633	 19.875
-18.596	 30.970
-18.407	 26.074
-13.582	 13.639
-13.974	 13.587
3.022	 22.591
6.598	 19.772
3.887	 21.461
7.207	 19.913
-18.086	 31.108
6.480	 21.071
6.858	 21.612
-7.644	 27.197
-15.856	 30.855
-15.086	 30.617
-14.137	 30.265
-16.696	 31.053
-16.138	 30.852
-17.688	 31.057
-17.331	 31.152
-17.544	 31.176
-13.248	 12.798
-12.733	 13.053
-15.266	 30.635
-13.064	 29.833
8.046	 22.806
7.160	 23.216
-10.077	 26.178
-10.791	 27.577
-10.229	 27.714
-2.984	 22.656
-14.204	 30.161
-11.356	 28.809
-12.958	 29.695
-8.487	 27.595
-9.486	 28.123
-10.329	 28.430
-17.494	 28.432
-9.141	 26.093
-6.972	 24.830
-13.188	 27.646
-11.997	 27.422
-12.096	 12.306
-15.292	 29.944
-5.017	 23.856
-6.646	 24.988
-8.304	 26.515
-4.308	 23.629
-17.237	 29.100
-12.032	 11.860
-12.620	 12.216
-11.902	 29.312
-10.683	 28.728
-18.637	 28.967
-17.042	 30.616
-16.358	 30.575
-15.207	 18.133
-15.926	 18.955
-18.808	 28.740
-18.752	 28.223
-18.825	 28.279
-18.558	 27.436
-18.975	 30.066
-18.949	 29.412
-18.908	 28.881
-11.064	 12.272
-14.969	 18.835
-18.749	 27.776
-18.609	 27.076
-17.127	 29.278
-17.116	 29.976
-17.447	 29.950
-15.575	 19.912
-2.466	 22.428
-5.679	 24.978
-15.360	 20.702
-16.258	 20.149
-0.245	 26.326
-18.953	 30.467
-0.433	 26.294
0.424	 26.117
0.300	 26.249
-16.847	 25.372
-2.933	 30.512
-3.198	 31.510
-1.133	 27.719
-1.033	 27.660
-6.787	 26.771
-6.808	 26.520
-1.989	 25.253
-2.196	 24.321
-2.760	 24.215
1.761	 25.842
-18.135	 26.662
1.249	 17.060
-2.556	 26.106
-1.952	 26.175
-17.579	 27.922
-18.067	 27.993
-1.134	 26.252
-0.500	 26.270
1.094	 26.031
1.099	 25.974
-2.400	 25.646
-1.836	 26.053
-3.527	 23.540
-17.157	 27.219
-17.300	 26.603
-17.885	 27.230
-4.936	 24.664
-4.555	 25.005
-5.419	 25.427
-18.100	 29.955
-6.217	 36.458
-6.078	 37.068
-0.957	 26.162
-1.293	 25.803
-1.191	 26.205
-7.989	 27.203
-6.765	 8.526
-5.446	 34.791
-17.620	 29.380
-17.784	 29.081
-17.444	 29.026
2.422	 25.572
1.087	 26.271
0.420	 26.307
-11.792	 12.041
-17.889	 25.690
5.019	 24.010
2.642	 25.509
-4.532	 33.169
-4.842	 34.129
-5.801	 26.419
2.242	 25.708
1.732	 25.928
4.865	 24.940
5.504	 24.451
-4.841	 26.052
-4.217	 25.346
-12.268	 28.290
-14.040	 29.588
-11.871	 11.891
-17.834	 23.748
-3.464	 23.813
-2.709	 23.377
-16.554	 28.765
-16.439	 29.123
5.303	 24.153
-3.989	 26.027
-3.459	 25.128
-3.302	 25.973
-2.999	 25.589
-11.081	 11.419
4.375	 24.496
4.456	 24.565
-17.245	 24.876
-10.568	 10.837
-8.890	 9.514
3.640	 24.895
3.753	 24.999
6.314	 22.776
5.785	 23.562
6.378	 23.016
5.953	 23.175
5.588	 23.576
-17.519	 23.592
-10.944	 11.633
-11.074	 11.698
-11.087	 11.880
2.795	 25.339
2.042	 25.633
2.918	 25.342
-11.587	 11.946
3.227	 25.264
3.875	 25.082
-16.981	 20.957
-17.334	 22.439
-16.878	 21.194
-10.093	 11.411
-9.484	 10.247
-10.990	 11.786
3.947	 23.408
-18.127	 24.930
-17.900	 24.759
-17.264	 21.796
-17.540	 22.729
-10.498	 11.328
-10.747	 11.501
-15.863	 22.064
-16.902	 23.466
-5.573	 11.268
2.480	 23.427
2.087	 24.755
3.652	 24.223
-18.036	 30.356
-7.694	 9.328
-4.385	 11.853
-11.462	 12.022
-7.596	 12.767
-10.232	 11.388
-10.344	 11.371
-10.646	 11.335
-10.890	 11.505
-11.315	 11.795
-11.414	 22.196
0.027	 24.859
-3.528	 25.052
-10.614	 21.548
-13.517	 19.843
-8.711	 10.722
-7.531	 12.622
-9.766	 11.543
-9.905	 11.057
-9.817	 11.240
-18.331	 30.990
-18.753	 30.942
-18.772	 29.853
-18.325	 29.769
-9.674	 11.600
-9.284	 11.734
-15.477	 28.560
-14.920	 28.862
-9.208	 12.197
-10.843	 11.603
-10.946	 11.683
-7.562	 26.351
-8.690	 27.435
0.168	 23.662
-5.094	 21.436
-10.667	 22.344
-9.971	 11.616
0.575	 15.409
-4.718	 18.492
-41.821	 -8.905
-28.598	 1.332
-10.554	 11.450
-10.718	 11.516
-10.807	 11.822
-4.304	 10.719
-10.989	 11.757
-9.846	 11.492
-6.266	 10.491
-5.187	 10.174
-10.661	 23.714
-9.296	 23.382
-7.985	 24.319
-8.652	 11.666
-8.250	 12.149
-7.435	 10.165
-1.326	 13.847
-3.412	 12.016
-9.081	 12.005
-8.474	 12.270
-8.709	 12.027
-9.582	 11.069
-10.905	 11.823
-10.984	 11.805
-4.675	 9.002
-5.492	 9.227
2.430	 18.423
-10.609	 11.218
-10.983	 11.533
-4.877	 12.151
-6.189	 11.644
-0.167	 15.450
-0.074	 14.293
-8.345	 11.495
-8.945	 11.002
-10.151	 11.272
-10.276	 11.237
-10.322	 11.712
-10.841	 11.776
-10.895	 11.818
-11.017	 11.844
-8.869	 10.553
-9.500	 11.084
-2.609	 13.439
-3.935	 12.521
0.085	 15.790
-1.231	 14.409
-9.917	 11.443
-10.394	 11.136
-11.367	 11.948
-11.209	 11.858
-9.515	 11.419
-9.631	 11.490
-10.322	 11.485
-9.860	 11.581
-10.528	 11.617
-10.445	 11.454
-7.498	 11.575
-9.164	 11.482
3.859	 22.178
3.406	 20.814
-11.464	 11.630
-10.871	 11.468
-10.301	 12.159
-10.130	 11.821
-11.062	 11.832
-11.021	 11.803
-2.768	 17.200
-9.343	 10.652
-9.884	 10.914
-2.537	 11.279
-3.818	 10.292
0.303	 18.228
2.521	 21.311
-17.220	 -26.070
1.355	 26.510
-1.521	 23.393
9.608	 21.408
4.673	 26.077
3.259	 25.190
10.300	 25.191
-16.832	 -10.482
10.898	 25.660
9.852	 21.163
3.033	 25.105
2.495	 25.659
2.240	 26.443
10.743	 23.943
8.828	 23.590
9.702	 23.001
9.434	 26.387
-17.258	 -18.381
-20.906	 -14.311
-17.358	 -8.921
-20.372	 -6.663
-12.048	 11.638
8.457	 25.204
8.731	 27.942
7.293	 28.253
-23.504	 -25.794
-14.602	 -7.744
8.360	 20.156
4.877	 28.423
4.607	 19.882
9.835	 25.304
4.270	 26.965
2.697	 27.634
3.108	 27.047
7.174	 25.798
6.292	 25.178
-25.221	 8.922
-27.501	 -4.003
-16.216	 -4.305
2.937	 24.139
7.863	 25.037
6.825	 21.762
-8.936	 18.334
-13.317	 17.519
-13.929	 18.428
-10.167	 16.946
3.823	 25.028
-31.061	 6.184
-33.135	 -10.328
-10.248	 -6.760
-13.244	 -6.791
-17.283	 17.617
2.544	 27.258
4.191	 28.914
2.220	 27.909
5.110	 28.109
3.962	 28.313
-0.034	 26.411
-0.731	 25.963
0.717	 27.012
-11.025	 18.659
-11.758	 18.547
-4.358	 9.341
-0.067	 23.028
1.215	 24.623
-9.477	 20.082
-5.285	 7.277
-9.161	 16.358
-8.467	 15.371
-3.120	 -0.418
-14.420	 15.791
-13.786	 3.078
-13.600	 16.694
5.152	 25.343
6.250	 27.383
-2.946	 16.490
-13.464	 19.050
2.399	 23.670
2.702	 20.919
-2.240	 -1.267
-2.618	 0.254
-9.809	 18.323
-12.062	 17.520
-11.284	 18.125
-11.671	 17.032
-10.267	 17.747
-10.517	 16.692
-11.990	 13.630
-11.017	 15.562
-8.608	 11.773
-9.515	 18.503
-10.483	 17.757
-9.895	 16.072
-10.433	 15.078
-2.591	 -0.168
-3.733	 2.998
-2.626	 11.802
-3.877	 11.037
-13.583	 18.303
3.976	 25.336
-4.195	 8.300
-4.242	 8.218
-3.652	 1.484
-12.150	 16.040
-11.799	 15.429
-9.231	 11.427
-9.267	 14.050
-10.239	 14.080
-6.482	 7.972
-12.940	 15.619
-9.604	 5.950
-11.734	 7.422
4.455	 26.759
5.021	 26.876
-5.299	 9.743
-5.828	 10.520
-14.272	 20.107
-3.194	 -1.480
-4.285	 3.083
-4.903	 7.034
-2.948	 10.361
-13.017	 15.910
-7.618	 11.154
-8.414	 11.499
-6.622	 13.017
-11.024	 13.346
-8.261	 12.242
-8.970	 12.124
-6.889	 6.923
-5.966	 6.345
-5.232	 6.267
-4.769	 6.317
-11.838	 17.249
-4.589	 5.994
-5.521	 5.234
-8.887	 8.004
6.000	 17.878
9.667	 18.348
-6.794	 9.102
-8.751	 10.985
-7.159	 10.906
-4.958	 14.363
-4.699	 5.170
-4.913	 6.475
-8.880	 17.806
-9.498	 18.218
-4.904	 7.058
-2.437	 21.827
-9.059	 8.824
-9.651	 9.734
-7.967	 7.771
-8.732	 9.860
-8.367	 -3.932
-11.949	 2.493
-5.583	 -4.038
-5.350	 -0.579
3.740	 25.508
4.468	 25.795
3.843	 25.786
-7.556	 10.648
-11.658	 11.816
-9.879	 11.829
-0.843	 35.340
-2.889	 32.887
1.158	 31.326
0.089	 29.060
-3.820	 22.770
-4.587	 7.235
-4.990	 6.587
-4.818	 6.656
-13.045	 15.076
-12.351	 14.601
-1.508	 14.204
-6.736	 13.427
-6.172	 13.569
-10.520	 12.797
-4.392	 15.808
-5.158	 14.701
-6.996	 15.042
-9.730	 14.331
-10.580	 10.533
-11.118	 11.019
-9.543	 10.579
4.866	 22.161
0.265	 21.189
2.005	 19.785
3.680	 18.108
3.356	 18.186
5.170	 17.913
-9.149	 10.344
-6.453	 12.155
-7.399	 11.907
-5.435	 12.085
-7.356	 16.262
2.648	 18.901
-4.289	 6.844
-3.876	 7.832
-0.061	 20.517
-1.620	 21.520
-3.915	 14.396
-6.466	 13.916
0.714	 26.738
1.376	 27.253
-9.617	 11.359
-7.537	 10.926
-4.925	 12.739
-4.939	 13.352
-6.108	 42.379
-4.898	 41.653
-6.016	 39.570
-6.582	 11.662
-11.438	 19.180
-3.602	 38.668
-4.490	 37.175
-9.739	 18.236
-1.878	 15.839
-2.022	 15.092
-6.904	 12.050
-6.240	 12.780
-16.290	 26.953
-14.095	 20.703
-12.761	 20.263
-5.755	 16.671
-5.344	 15.778
-13.339	 21.405
-10.292	 21.795
-9.032	 21.764
-14.885	 21.757
-14.684	 22.506
-6.683	 15.858
-15.426	 24.093
-8.264	 13.049
-6.557	 14.693
-7.011	 13.826
-7.200	 14.595
-0.678	 20.914
0.309	 20.142
-9.765	 12.934
-8.290	 13.732
-9.042	 13.521
-9.448	 18.392
-9.518	 12.730
-8.747	 13.079
-15.865	 27.659
3.342	 20.070
-15.167	 26.898
1.245	 19.307
-43.553	 -5.313
-14.792	 24.554
-13.196	 23.159
-15.153	 25.785
-9.609	 23.604
-12.437	 23.569
-13.344	 25.049
7.003	 22.389
8.684	 19.281
-4.704	 23.127
-14.670	 25.847
3.259	 18.468
5.285	 17.744
-12.684	 25.789
12.206	 22.018
12.269	 22.188
8.919	 16.830
11.170	 18.937
-1.095	 19.347
-7.181	 19.525
-14.546	 27.036
-13.259	 24.633
-10.465	 19.832
-12.526	 21.651
-7.717	 21.743
0.526	 18.593
-2.907	 19.652
-1.133	 20.755
2.070	 18.823
5.206	 17.059
3.585	 17.388
-14.243	 25.852
-0.904	 21.772
-1.119	 21.595
9.291	 17.311
11.510	 18.449
-42.316	 -19.237
-47.487	 -13.497
-14.762	 26.046
-14.306	 25.416
-5.239	 11.966
-4.099	 13.152
-6.074	 10.148
-7.622	 9.832
-5.162	 6.678
-4.311	 3.390
-3.322	 12.922
-4.307	 11.864
-10.277	 10.921
-10.752	 11.283
-7.610	 21.128
-11.224	 24.014
-15.070	 26.388
-16.589	 28.181
-15.919	 27.473
-16.831	 28.460
-16.488	 28.013
-8.969	 24.763
-11.247	 25.292
-14.651	 27.093
-14.789	 26.735
-8.846	 21.323
-9.964	 21.472
-13.692	 24.675
-12.789	 23.469
-12.875	 24.220
-13.853	 25.681
-4.434	 18.754
-0.800	 18.750
-1.036	 23.977
-0.605	 25.614
-11.907	 11.854
-10.404	 11.804
-14.520	 25.846
-10.814	 22.904
-12.896	 26.517
-13.901	 26.513
-13.487	 23.757
-3.663	 22.110
-4.441	 22.058
-16.682	 27.879
-16.186	 27.944
-14.192	 26.109
-15.245	 26.697
-8.299	 21.619
-10.687	 23.149
-13.167	 21.705
-7.819	 19.392
-12.165	 21.649
-11.091	 19.539
-9.748	 19.572
-3.983	 38.695
-3.994	 40.496
1.958	 13.646
10.216	 28.124
8.828	 27.635
-1.793	 33.032
17.078	 32.706
2.249	 14.254
8.344	 25.717
9.144	 28.796
-7.339	 16.764
-6.828	 16.925
9.963	 26.730
-7.578	 18.157
-5.718	 15.873
-5.509	 14.941
9.244	 28.189
8.512	 29.137
7.317	 28.903
9.116	 26.792
8.684	 26.510
-5.729	 16.145
-6.791	 18.583
-6.532	 17.625
-0.574	 33.095
-5.375	 14.606
-5.222	 14.815
-9.173	 12.664
-6.391	 14.486
6.912	 25.752
-12.287	 -6.805
1.672	 28.671
4.095	 26.716
-6.869	 17.060
-6.550	 16.008
18.812	 -3.806
-7.404	 18.584
-6.497	 18.053
10.207	 28.300
9.635	 27.973
10.266	 27.311
15.588	 30.889
14.274	 31.799
6.729	 27.697
4.850	 28.316
7.457	 -8.306
-7.144	 19.398
8.059	 27.649
5.313	 27.497
6.598	 28.310
10.012	 25.724
9.421	 26.757
-8.029	 19.606
0.337	 35.089
-1.416	 36.817
6.158	 29.703
-5.701	 17.266
-7.259	 18.833
3.430	 31.287
-5.410	 14.594
-5.851	 15.401
6.108	 23.754
0.609	 -18.228
-4.854	 -20.444
5.147	 26.296
5.829	 26.938
7.983	 27.002
9.658	 26.726
-6.748	 20.314
5.990	 26.589
-6.312	 23.040
-6.199	 19.938
-5.918	 18.951
-5.969	 21.456
-3.430	 11.544
7.750	 27.428
10.195	 27.469
-5.340	 20.038
-4.639	 18.066
-3.409	 13.703
-2.912	 17.963
-4.580	 10.672
-5.676	 20.762
-5.584	 18.982
-3.167	 16.698
7.196	 30.135
8.764	 30.791
-11.173	 -5.727
-11.459	 -8.059
5.059	 29.562
6.962	 28.441
7.221	 28.595
12.424	 27.665
13.585	 28.693
9.032	 29.779
13.010	 29.924
8.356	 29.780
2.289	 15.017
11.104	 27.406
-6.522	 19.730
-10.682	 22.047
-9.644	 21.568
-4.733	 18.056
-4.385	 19.394
-5.392	 18.914
-3.335	 17.234
0.556	 15.647
-2.837	 17.168
-2.447	 -2.883
2.198	 0.083
-2.245	 -1.526
-7.104	 -3.729
-6.724	 -4.601
-10.400	 -5.330
-6.175	 12.545
-0.040	 16.458
9.696	 43.833
14.473	 32.702
7.611	 29.881
-4.662	 11.608
-5.574	 12.032
2.104	 13.850
1.753	 14.549
-4.405	 10.057
4.952	 27.178
6.909	 27.202
2.667	 14.832
-1.244	 16.312
4.727	 -0.238
-8.487	 19.688
-9.061	 18.999
-8.980	 21.261
-7.563	 21.118
1.080	 14.236
0.195	 19.156
1.179	 42.151
-3.551	 18.275
-0.126	 16.638
1.877	 15.028
-6.484	 12.269
-7.250	 12.339
-5.578	 10.948
-2.591	 17.334
-8.331	 11.444
1.949	 13.927
2.859	 14.196
1.906	 14.627
-6.689	 12.923
-6.264	 13.285
-4.995	 11.181
-6.904	 8.603
-9.871	 19.135
-1.584	 37.837
-10.165	 -7.982
-8.918	 -8.559
-9.965	 -7.981
-4.380	 10.194
-5.462	 12.556
14.352	 -3.354
11.667	 -0.311
-9.068	 -8.549
-5.929	 -8.223
-7.469	 -8.985
-6.574	 11.644
10.977	 29.462
9.515	 35.274
8.224	 39.118
-7.655	 10.338
-9.849	 20.619
-9.860	 20.629
-10.576	 22.361
11.320	 25.748
9.448	 36.318
-3.179	 18.236
-0.734	 17.787
1.898	 15.620
0.841	 16.201
1.259	 17.160
3.743	 43.234
7.004	 36.872
4.263	 39.415
6.750	 45.300
8.167	 43.552
-8.045	 12.248
-8.128	 11.547
-6.758	 9.030
-7.139	 9.097
-7.623	 9.887
-10.470	 22.963
-4.750	 18.060
-2.926	 17.152
-7.089	 14.017
-5.456	 10.785
-5.608	 10.451
-5.753	 11.354
13.475	 36.041
11.566	 33.002
12.674	 30.303
15.854	 31.961
-5.346	 12.198
-4.867	 11.203
10.329	 40.261
12.254	 39.555
9.735	 22.811
9.170	 24.730
-0.537	 22.763
1.529	 35.054
-6.937	 4.149
-8.529	 -14.283
0.767	 -9.528
-4.620	 -15.176
-7.845	 -9.304
-2.907	 -7.005
0.363	 18.344
0.969	 23.235
0.897	 19.927
16.912	 33.336
13.891	 31.927
-6.927	 12.058
-7.002	 8.964
-6.827	 6.284
-9.694	 -8.110
-2.138	 27.598
-1.060	 33.930
-5.648	 5.033
-6.188	 4.543
-4.940	 2.874
-7.478	 10.973
-7.659	 0.042
-7.988	 10.912
-7.773	 10.111
14.418	 -8.445
9.019	 -11.278
19.074	 -5.516
-5.701	 7.386
-5.827	 10.584
-6.680	 10.755
-6.931	 9.794
-6.954	 2.320
-6.001	 2.782
-9.507	 23.020
-11.009	 -7.265
-9.901	 -6.941
-7.456	 9.814
-7.162	 10.166
-1.870	 17.079
-1.208	 15.580
-6.355	 10.034
-6.299	 10.788
-4.856	 1.081
-3.969	 -1.490
-8.225	 23.899
-5.055	 17.813
-5.544	 16.708
-4.338	 16.347
2.352	 27.374
4.731	 24.914
-6.071	 12.012
-6.351	 10.845
-6.875	 10.057
-9.430	 19.262
-6.725	 8.996
-7.092	 9.073
-3.954	 12.537
-7.381	 11.967
-1.050	 13.720
-3.305	 -4.030
-4.075	 -5.059
-6.280	 -7.348
-6.719	 -8.330
-7.167	 23.121
-8.168	 20.598
-8.983	 -7.571
-8.872	 -7.215
-4.314	 -3.849
-7.958	 -3.446
-1.171	 13.809
-2.325	 11.920
10.134	 26.704
9.672	 31.922
9.307	 1.817
15.996	 0.577
17.607	 -0.647
19.421	 20.744
20.215	 32.570
-3.229	 5.210
-5.796	 10.739
18.442	 29.254
-5.866	 8.080
16.616	 35.440
-2.794	 4.002
18.882	 32.069
20.633	 30.789
19.786	 24.349
15.875	 20.528
17.294	 25.446
-5.271	 6.767
-3.452	 4.895
14.539	 24.154
-3.646	 5.184
-4.215	 6.762
-6.211	 10.567
-5.629	 9.898
14.146	 40.843
15.651	 37.687
10.364	 12.770
-5.755	 7.776
19.301	 19.274
15.306	 30.281
-5.921	 7.362
-5.322	 6.931
-2.730	 3.892
-3.454	 4.717
21.015	 28.288
21.958	 31.590
23.051	 24.664
-3.501	 5.220
-5.147	 7.560
13.374	 18.835
16.256	 26.037
-3.760	 6.216
-2.897	 4.511
-5.583	 9.173
-5.230	 9.027
11.091	 15.334
14.662	 27.506
12.339	 13.658
17.941	 20.085
23.969	 31.466
21.827	 33.152
-10.125	 14.691
-9.083	 12.006
-4.720	 8.878
2.441	 8.796
-10.415	 15.093
8.205	 13.511
9.827	 23.405
-5.347	 14.837
-11.275	 20.539
-5.642	 10.887
-6.316	 14.997
1.972	 24.703
3.638	 19.893
13.257	 26.362
-6.124	 10.161
-7.290	 17.509
12.619	 28.316
7.035	 11.132
9.702	 21.800
4.394	 9.627
3.646	 12.589
8.654	 14.193
9.886	 23.944
9.228	 16.676
9.875	 21.773
-10.611	 18.607
11.726	 18.493
12.552	 23.903
-4.314	 2.421
-7.463	 12.363
-8.480	 17.143
-9.555	 19.207
5.094	 21.897
9.747	 14.732
10.191	 17.572
11.111	 24.690
10.742	 22.607
-4.240	 11.556
-4.723	 12.132
0.245	 25.681
9.987	 22.622
9.587	 19.945
7.729	 12.414
8.354	 14.526
0.116	 14.906
-3.647	 11.345
-7.774	 10.913
-9.277	 13.363
12.656	 27.594
13.688	 33.960
0.908	 18.100
1.486	 9.879
-5.949	 8.570
-2.958	 13.226
-4.795	 3.894
-6.164	 5.574
-6.457	 7.632
-3.946	 4.160
-4.538	 5.854
-3.163	 21.184
8.223	 21.339
6.727	 18.723
5.996	 10.118
5.999	 12.684
-4.603	 9.828
9.833	 21.005
8.921	 15.804
-0.793	 14.580
-2.983	 5.470
-2.546	 4.268
0.810	 13.236
-0.730	 13.465
-0.055	 14.242
-2.437	 4.835
1.179	 12.771
8.819	 19.027
7.586	 13.402
-4.328	 7.541
-5.467	 8.476
-2.546	 10.310
-3.022	 11.970
-4.983	 21.037
-5.971	 23.156
-3.218	 6.399
-4.111	 8.607
-7.101	 18.339
-4.709	 17.119
-3.571	 10.484
-3.158	 12.539
-4.047	 25.378
-1.951	 13.005
0.957	 12.367
-6.444	 14.380
-5.495	 26.615
-6.570	 13.881
-11.081	 22.396
-11.369	 20.316
-0.753	 18.328
1.416	 14.739
2.050	 13.679
11.698	 25.049
13.321	 31.112
-7.979	 23.061
-1.541	 14.003
-4.044	 13.351
-3.576	 12.882
-4.119	 9.619
8.136	 46.645
-1.042	 14.385
-2.662	 13.456
-8.061	 13.019
12.487	 38.448
11.791	 45.491
13.330	 42.939
11.356	 45.401
-6.738	 3.933
5.783	 22.706
6.801	 39.359
3.694	 31.724
10.583	 27.525
8.438	 22.484
10.532	 35.698
4.868	 45.062
-5.577	 0.688
-7.777	 0.850
-8.690	 24.506
0.828	 43.619
-10.762	 18.719
-10.247	 23.132
-1.998	 30.011
-7.400	 33.592
-4.253	 39.381
-5.566	 1.774
-6.787	 2.503
-12.442	 13.746
-2.997	 5.990
-2.631	 5.444
-10.637	 -4.847
-11.609	 -4.343
-4.231	 8.014
-4.759	 9.263
-2.727	 5.491
-3.161	 6.682
-8.288	 -0.195
1.516	 1.846
5.499	 2.014
-7.011	 -3.132
-7.485	 -2.908
17.586	 -3.954
21.642	 -4.693
-3.638	 -0.604
-1.524	 0.573
23.077	 -2.909
22.162	 -3.322
-13.157	 -5.265
-12.621	 -4.031
-12.580	 -3.749
-9.753	 -1.621
-7.779	 9.091
-4.512	 36.206
-6.196	 29.515
0.472	 10.163
-0.411	 11.118
-10.383	 27.297
-9.005	 25.817
-5.627	 9.867
-7.136	 10.786
-5.741	 15.028
-6.036	 13.817
-5.815	 18.359
-5.574	 16.001
-7.077	 18.677
-5.830	 18.612
-4.239	 11.377
-5.212	 11.692
-4.517	 14.406
-4.683	 14.067
-9.616	 18.498
-8.522	 22.253
-6.014	 22.184
-5.875	 20.071
-7.230	 24.769
-6.921	 24.414
-7.710	 14.696
-10.297	 14.796
-9.890	 10.902
-8.086	 11.508
-9.585	 12.706
-6.887	 12.804
-5.657	 10.310
-4.522	 11.281
-10.182	 10.159
-13.576	 13.060
-15.696	 15.862
-0.292	 0.016
-0.118	 -0.031
-0.168	 -0.023
-0.227	 0.166
-1.788	 2.198
-0.145	 0.064
-0.729	 0.461
-0.102	 0.043
-7.315	 6.754
-6.866	 7.657
-3.628	 5.608
-0.152	 0.106
-3.327	 6.730
-0.183	 0.044
-0.743	 0.438
-0.181	 0.013
-5.154	 4.523
-0.511	 0.392
-2.778	 4.314
-5.380	 5.533
-3.606	 3.940
-0.099	 -0.001
-0.572	 0.534
-4.247	 6.208
-2.642	 4.549
-0.456	 0.744
-7.266	 7.166
-4.434	 4.633
-0.100	 0.142
-0.354	 0.600
-2.250	 4.020
-0.311	 0.419
-2.933	 5.752
-3.006	 6.652
-2.509	 4.878
-0.056	 0.020
0.319	 1.290
0.069	 0.254
3.786	 5.062
-2.360	 6.037
-1.593	 4.488
0.028	 -0.041
-0.117	 0.460
0.880	 3.983
0.273	 0.129
-0.029	 0.023
-2.978	 8.156
-0.516	 0.899
2.364	 3.080
0.615	 0.592
6.792	 15.407
0.274	 0.286
-1.938	 7.574
0.354	 0.357
-7.018	 11.426
-0.141	 0.008
8.428	 10.293
0.425	 0.502
5.321	 7.437
5.488	 6.793
-0.078	 -0.037
0.092	 0.073
2.790	 4.782
-5.851	 11.680
-3.240	 6.811
-0.439	 0.403
-0.848	 -0.310
-1.414	 2.153
-1.502	 1.628
-1.582	 3.820
-0.328	 0.274
0.529	 0.780
1.680	 3.062
4.077	 5.446
1.218	 1.534
0.696	 0.521
2.938	 3.299
4.996	 6.564
-1.455	 2.210
-0.576	 0.729
8.785	 15.900
6.739	 11.468
0.931	 2.604
1.673	 4.441
0.106	 0.169
0.292	 0.526
5.612	 7.945
4.062	 5.088
0.233	 0.030
4.502	 5.684
8.229	 16.745
0.263	 0.149
0.689	 0.488
3.326	 3.711
-1.072	 1.603
-0.362	 0.499
-0.236	 0.287
0.875	 1.029
3.749	 4.782
1.059	 2.286
0.136	 0.320
0.147	 0.256
1.422	 2.113
7.870	 16.073
5.795	 11.774
6.548	 11.543
-4.698	 4.505
-0.113	 -0.042
-0.866	 0.584
-0.870	 5.596
-1.052	 4.956
-5.090	 6.052
-5.900	 6.294
-3.956	 3.982
5.128	 5.572
-0.117	 -0.065
0.075	 0.093
4.384	 16.250
-0.777	 1.164
-2.157	 2.075
0.255	 0.350
0.147	 0.136
-0.307	 -0.148
2.612	 10.375
-0.230	 0.030
-0.656	 0.408
-0.023	 0.019
-0.038	 0.586
4.847	 13.682
3.001	 9.373
-3.654	 7.963
1.174	 1.647
-1.660	 3.494
5.606	 10.241
0.230	 0.399
0.978	 1.864
0.131	 0.105
-4.407	 6.698
-3.450	 4.327
-1.083	 -0.244
-6.387	 13.332
10.438	 9.074
-0.007	 -0.017
-0.209	 0.158
-0.584	 0.966
-0.564	 0.412
-3.633	 6.114
-2.501	 4.261
-0.079	 0.132
-0.058	 0.084
0.039	 -0.071
-6.238	 -2.037
2.445	 2.231
0.332	 0.432
0.922	 1.156
0.254	 0.039
0.774	 1.316
0.330	 0.432
0.303	 0.153
3.152	 -0.460
0.611	 -0.076
0.508	 -0.126
0.791	 -0.197
0.788	 -0.097
2.496	 -0.152
-5.585	 6.575
-0.849	 0.508
-0.049	 -0.145
2.596	 2.461
-0.289	 0.001
-0.449	 0.105
-0.449	 -0.122
-0.499	 -0.024
0.407	 0.291
2.729	 1.677
-8.109	 -2.330
-0.064	 0.007
-1.764	 3.469
-1.181	 2.462
-0.261	 -0.119
-1.402	 -0.519
-1.557	 0.532
0.497	 0.413
1.553	 1.509
-0.219	 0.068
-0.340	 0.220
2.064	 2.100
0.320	 0.332
-2.177	 1.117
-1.540	 1.168
3.738	 3.439
0.458	 0.399
0.437	 0.488
0.846	 0.919
0.185	 -0.032
1.825	 1.376
1.477	 0.367
0.594	 0.044
-0.047	 0.090
-0.123	 0.179
-0.103	 0.141
-0.289	 0.407
-0.039	 0.097
-0.126	 0.235
0.530	 1.723
1.662	 8.942
8.256	 13.095
5.863	 8.241
2.958	 13.554
-1.129	 1.798
-0.737	 1.194
11.402	 10.697
6.023	 5.726
-0.283	 0.244
-0.494	 0.487
-6.769	 -1.460
-3.777	 -0.570
-1.154	 1.725
-0.699	 1.046
-1.115	 16.404
1.244	 12.953
-0.063	 0.152
-0.571	 0.980
0.001	 0.046
-0.199	 0.494
-3.568	 0.067
-1.785	 0.173
-2.279	 4.133
-1.398	 2.523
-0.040	 0.128
-0.142	 0.331
-0.034	 0.091
-0.103	 0.216
-0.784	 0.954
-7.796	 16.260
-4.474	 11.044
-1.530	 3.169
-0.925	 1.918
-1.165	 2.140
-0.704	 1.286
